11279
25923
-14824
66998
-71944
58227
42415
-83663
71120
-11614
-77399
57406
73195
-71980
-52949
9516
-38206
61872
-94582
78076
-36240
-30172
71848
-62549
69229
92407
-89753
-38717
73028
4582
-89225
-97406
76747
52308
37243
-76748
14499
55897
-20155
-66299
39497
-47285
41560
55291
67799
-96104
-53867
-28855
-78466
54784
72528
26734
-67731
-2288
88462
-54062
-62475
-93058
-15039
96235
50852
-39123
-81714
41921
37994
-35993
-89836
-13613
-77950
-16041
39900
-53831
50656
88400
-48917
-81800
71613
-75935
-29645
84034
-17006
65984
17899
11173
30394
94743
77978
47187
19761
60656
-82757
-50865
68941
89394
-75890
-67081
-17773
-30629
-11819
66455
